-49.394014108935295	-31.69317104529277	46.683726535630626	-54.72493695558336	-989.311053745989
79.13142003363569	99.94709530090839	-52.02595344129599	17.79235962082592	6983.291106154114
38.74781930759755	-24.979431808403007	-36.64821191239329	31.94114678005991	-2138.4844260389486
-22.021395940680065	-92.91538354899428	-85.81142233024516	46.262123165363164	-1923.6921387242426
-71.10258821899731	-65.9558634612115	-81.02567091487043	61.411398750228585	-286.2671852469748
-68.67389656232504	46.52651315448571	-62.9567315987557	-63.2885188827476	789.281344807116
-70.62286396203743	-35.76532523114251	20.761544007010286	69.09865385704234	3960.444441235158
68.54636816497174	11.284949277079818	-11.15078151405855	44.76759615861715	274.34860419539814
46.75500580183328	-60.2716697400846	-62.194070153728845	-25.469332082768247	-1233.9608420595296
33.57129322070665	-95.21340940755547	-61.15380059597963	-44.77142457521519	-458.4945148935817
28.481810544269877	58.82078041807918	-23.152198848009405	81.86556176297782	-220.0454408066273
72.3882623497463	-72.60551547820211	-12.486400062289604	10.285674162918724	-5384.218144983219
38.46135685459231	-39.03503796973693	-86.00658124015368	42.700621817928806	-5173.875024575385
13.637301744089214	-35.83390514504883	25.882431615287643	96.04193350100402	1997.120998907638
78.92019447680366	78.54329302245083	45.21497656461071	-91.01876589849442	2083.240593140181
-33.66442540004333	-58.475587658912545	61.725186998664356	-67.62763065092054	-2205.7810897375193
-65.28046297135299	94.2842609315554	-51.41375811456892	2.1747695267344938	-6266.733278926248
94.30546484264707	-35.15958242217896	-48.24503596226024	19.136747895490473	-4238.993854415596
-81.62874186902629	79.68428606623914	-33.54046964480875	14.926183280836057	-7005.159215562416
11.2131584124173	6.930548208660923	-48.970241193311836	-81.1992473425918	4054.0600620307155
-19.65409850945727	-27.056580696254343	-1.2763948373044656	-79.48353353876449	633.2250741928582
-18.182459954744814	-20.007318543237915	80.83559095082529	-13.74471895728658	-747.2802111510251
-67.96421923489338	-96.6454465598154	-83.64987147617234	-83.36768947368756	13542.128827784876
22.637204938595374	-91.77397085686223	-17.848290014304723	-16.57219874398517	-1781.720776958126
-91.50419761863311	-32.051065138319814	-42.95095684710979	-81.81005537054563	6446.627156184466
54.50207607720765	-73.9374190707432	34.78986240678202	-8.822807872463528	-4336.687111070509
69.89323987125809	86.60297298792779	-17.848105969741027	-76.08016307851109	7410.849177429766
58.83789171589669	5.633607184253961	-58.84730337544679	43.347362244896374	-2219.4058070737733
-10.034190149318633	65.3393606194121	12.990588194313972	89.53300829347336	507.4588718485271
26.7161057513255	-38.65029583742378	-41.85384623307029	22.77855765359024	-1985.955640357122
-28.957527138086164	-4.367432769892915	-97.65653436756389	31.48043057666939	-2947.799697558283
63.64211413568856	60.64262774846992	92.29588300276461	-29.186608662589308	1165.6212182863778
-53.973242149800214	-51.047826874101986	85.44967921793506	-86.01377220186468	-4594.632521876891
34.64198791538621	88.05744443145153	34.064659017325	-77.35528114990882	415.4036502931849
-69.78392688483459	20.443330500825923	83.03332329659258	-61.94236545126306	-6569.896337222557
83.00930554198055	92.05819970469412	93.63323421490145	-64.26152173366215	1624.6731114376498
-68.05721102489248	-76.2732613103865	48.75400859232468	83.95588397129995	9284.131329070713
73.91746947621846	24.01685969406084	-39.70865969955022	35.05777950208048	383.16805728038275
69.82796000864175	13.141159803545065	-56.16134673975945	-43.07558258672517	3336.803110899332
-89.22633051181124	-2.83735599860519	26.05105932898914	51.18752243813975	1586.6560480511585
71.88782831372066	-67.3481857125555	-20.15268065139857	49.03478986882263	-5829.697272779582
-38.92788197906847	-69.13747111436237	91.74984737383838	-36.133578550776015	-623.8750012331461
-16.797445328866203	-66.76735646660677	-43.76834258085675	-34.127745849808505	2615.2358918675795
61.79601173027439	84.90793918112547	87.26793431470631	-54.15416251202576	521.0501086628592
-16.246874300507926	-74.38795492991967	96.86674307487073	-85.120033622112	-7036.728674179229
31.509053142741237	-39.84473947276357	97.10923276593428	-27.859466482410355	-3960.881428881118
-20.88814170821574	48.0725164982309	20.136417175719984	39.724584953944714	-204.2347221206261
6.743052997572519	94.34222827114326	-84.20981582935205	3.218827373059696	365.09778486956935
34.850424559060855	-23.8523507540296	-74.71022536093994	-12.35884360965693	92.06744076851476
49.42333827699915	12.04219003458526	-39.067188516203835	33.77822341117417	-724.4549900715756
-53.18626878890489	-38.715451574093976	71.6735416064283	-10.710022956549864	1291.505137721514
59.50917593844869	56.77250729599953	77.10593298684205	-16.385574534457163	2115.0601131397384
83.81078494295139	4.53782269253044	-52.87579179468802	86.92209662512539	-4215.756201714971
90.6678031663252	-46.821229701800405	-11.98676483100796	3.0537336489492475	-4281.7824257146285
66.61337005428544	-82.35498086186541	-59.87648183448988	66.32299373903345	-9457.130345789259
16.420405045786566	-36.457934253136436	-6.534845331672173	47.061204602986436	-906.1917407718513
-34.39528268221832	-76.28649023898429	68.30640937308686	-5.638966986035541	2238.717809214688
-45.49758433091002	50.04445269698553	-13.61823406064542	-80.74662385374991	-1177.2752836280758
-7.130242047789537	-5.619638330362122	57.62648679931158	2.6204256479553294	191.07530552699305
65.26834689188706	77.58851683098206	-1.7687896296349663	-78.99722248553793	5203.80369925394
37.73011389429064	72.97683923243235	92.03845925961383	-38.00212525225379	-744.2326009232925
-65.66494061473122	-82.70649792755947	48.387859239671	82.27288128055784	9411.92587351138
-54.249646073219736	13.231860186043718	-45.84751986352953	89.25381421635223	-4809.8897521631825
53.896007027522074	8.802817257185922	42.86079478709976	30.887544728870665	1798.3014168567756
89.07071187959966	-21.122427072757404	26.89816027392102	58.27282214081919	-313.9579064379823
55.825261522569804	31.602247824433164	81.78359163568939	18.250524324392742	3256.797177983396
-29.178567004524638	29.446436445169724	13.817050632353016	76.61520052725751	199.39128603313566
47.53444429955621	96.77581341546579	-34.67750240802192	67.56134067248595	2257.3259584823822
-5.209548377225758	51.10570720199925	70.06644618350356	5.58816421572503	125.30515326452826
14.536929962894376	-10.138145380675653	93.85477460258863	-66.8118521729346	-6417.988835824772
97.34028433608555	48.529949918515314	-7.624272288295202	-11.66721381883076	4812.873138884798
23.930512480146973	-92.31968347323978	-65.37897722315347	74.86994634556808	-7104.1778543452
41.287678885356115	-66.67877022801085	11.108915309332204	-16.226363426186737	-2933.268950724509
-31.019902719108842	-14.511596179725416	-52.675754098426644	86.42407014128585	-4102.304765153476
-91.58229775008637	-87.94969199181106	59.911801452369104	31.71911126053331	9954.983975109104
35.85821136571985	98.47617045382847	62.89923531926007	36.67212442522546	5837.827918499479
-61.32266297589555	-45.125081351168085	2.45127647694639	76.79072312491587	2955.425448701359
88.06895641312659	-80.28621104022851	35.899781959010994	-92.7747446789474	-10401.315925954093
10.807735680964754	-58.96868943351963	24.067567637042856	13.1426414551741	-321.00659669857333
-94.71428475873384	-25.673133067953117	48.16810549059332	-3.850964025298282	2246.11879463593
5.9410353072773034	41.803596601418775	-3.5900780303245767	92.92993104438057	-85.26906042180207
17.829758669466827	37.08106445002264	-64.3723339439822	-50.746433969306736	3927.8128242893044
-48.26926146770387	-14.45868551937653	39.8795330035841	-17.554257057570766	-2.1455018667029435
38.243353400752426	-50.92678997224602	-29.685781322455668	20.359395763337233	-2551.9957969622587
19.77574661712862	24.772523671379957	96.90547921141604	74.07668897283847	7668.33219449996
-30.22144249962429	57.80559016398337	-35.04058091079385	-29.309968304313983	-719.9300034375533
97.14573439184477	19.829981453164265	-22.571926301478157	-62.480260122425754	3336.697938024882
89.28391533333894	62.698067282710184	13.003982172447166	52.57873503510672	6281.661863879835
7.725363971131571	49.48472354191321	-77.71700151373824	92.87936246214414	-6836.018052693396
55.68212142764867	51.61842882587325	33.775474589073355	4.290726140338805	3019.1449335084008
25.331991132865824	83.44158441883724	95.63799502355337	-14.784536669826636	699.778032155838
-49.32933193212723	86.0941738286183	23.49574702491553	-21.312199524061143	-4747.714126776039
-98.27207009565362	-14.226570295258469	-94.28582892333839	-52.30190652719142	6329.40312446359
-55.26877759433291	-88.51813821496526	-4.820312956195664	14.027559694305538	4824.672066329066
-83.54366522021724	55.58917354583684	63.012612815432504	-86.58205855259612	-10099.885036919797
86.53792035373152	-42.581958913166204	1.7289787667183134	15.703119280579259	-3657.8038091260787
-65.8389903145243	37.337800061122834	-97.22347533609457	-2.5954298947231393	-2205.946342233733
26.108992606881458	-33.75399395423425	54.405143185616595	-24.018827330120757	-2188.0305186496444
-69.18704094123378	18.045280379343126	-55.73307271397881	2.2848479496373955	-1375.8411493191818
-82.16967053932831	-39.20501954960982	53.96036258765281	-2.958561863418609	3061.818468991295
27.044862946853954	-62.07548556538909	-21.933327245130045	77.37602667734413	-3375.93671351746
-76.3743225262533	-40.079018236375234	-88.65277050779798	10.593204112248486	2121.890972215083
-59.75509449950511	42.59425783952702	43.242104610609715	-93.59909789781081	-6592.6458850930585
-73.92795871826678	41.05455761765285	-71.41437668010242	-64.03236453607737	1537.751759942516
-90.28784261106155	-9.226106587883123	69.4345100649482	-32.80565999382998	-1444.8396695091865
2.0910705539526333	-51.605632018386814	64.30396723466791	93.50513794165667	5904.84030894163
74.1115383055432	-89.50241019435892	13.722930192020016	44.99612343641266	-6015.682640728264
-29.628528176148805	32.49979239370978	9.808764868696016	51.762947766729525	-455.19043110157344
-12.458691402919271	-7.291819510500488	-13.240238663619834	-64.18810598119522	940.7123716038599
-29.546571786506775	47.878069072576096	-55.8509969379589	-47.93310215353947	1262.4787367520044
6.517866489159843	-68.80084244303526	-97.85332254412182	96.34270224604495	-9875.888223039952
40.31266130202087	23.079701865551442	48.915578850653134	-52.458289210133934	-1635.6233779710785
-71.53394297596567	63.759141471697546	-58.821543819241626	23.495417130139785	-5942.979498504818
70.23108008803288	-81.95116847104345	25.858798821769952	24.197661971321452	-5129.796603324133
-93.63495687250654	0.7263936428574738	45.710107982873126	-88.4946332735557	-4113.115080260412
22.543525780542012	-43.48615941197009	-43.710920862324556	-92.44968216492599	3060.72938505763
57.28662011889523	-16.38875542510266	64.058850341191	63.71932119744088	3142.9300541698058
-41.82993249644535	-1.0736337285831752	88.90882874312095	89.56550534166371	8008.074202105604
72.59693633596683	-78.10652129592661	25.207388612932007	44.322257184068775	-4553.045792903083
58.20292454848234	72.73810753978381	-13.732139143013697	-56.42729998210032	5008.438119756208
43.62619982677319	-35.48656158023584	-5.57881209049917	-48.63387602512217	-1276.8245710876718
80.49099524972252	68.76745360095703	-52.314716155530874	-63.0142749791375	8831.734690410296
26.259698887336796	-4.1571741038904975	4.159645879630062	-82.78238290345045	-453.5115381406945
7.898547355516627	43.83404155324092	-38.14626818781532	-36.653734629931556	1744.42844427034
13.228216732199456	23.108191139796602	22.292031089873205	-3.258747071270278	233.0360696595303
-85.52387893975295	-92.4171893006995	-34.19304042157579	-32.62713290923229	9019.49738411076
72.54640702619653	-81.21647004855517	-19.818226436427253	50.27717886911793	-6888.367608786317
-98.97981256049108	-79.04833246032454	-30.266699340814668	-45.66459335609076	9206.30564777167
-6.789826534358639	-84.52938089785991	-42.70644974231295	23.383706927095332	-424.6952713177744
45.71158822098707	-78.53567824064635	-19.648467508497177	-54.15668950540717	-2525.8946302775967
-43.84704771850283	46.230173230885924	20.00477647327071	60.02064528753769	-826.3570189306467
-11.100839991987172	67.50420941974338	66.28182772001577	-70.02075088819333	-5390.456774751536
19.364770611829158	-23.985913354498265	-97.1853593317362	27.439604583849288	-3131.209541427217
7.617594689584834	-2.9056780601464283	-89.71448867439051	57.017786914009605	-5137.45587609634
-46.16527746923116	72.42123062580242	43.59009324936093	-65.6252896198851	-6203.95870055046
27.801338272875682	-6.316960824178096	97.86675800818466	72.29069621187162	6899.236107680952
-35.29715150783126	-82.986933861727	-1.0055331437032606	19.796929655840074	2909.2959087752406
-67.49604497638958	-2.512262752525828	16.782605548905977	-78.266330861599	-1143.945158873391
-68.42342375077344	-28.16520946068586	53.823150899431425	3.50996315238217	2116.0773383599108
87.07100050556022	-72.79647905922712	14.48550396534867	57.00856100496	-5512.664528472799
-56.56259534742332	-29.812667387716417	-42.74973873658596	-30.9227037017463	3008.2193459572413
-6.211818775861005	77.02518127039065	-96.14275364735919	6.213788667881673	-1075.87722034241
45.70553435718162	-40.92660275294653	-39.28033768392743	-75.4128363079277	1091.6694276306218
-61.32964389200011	-90.76493218364674	27.586730494228973	-49.07819003604297	4212.674167035722
46.615801221679845	-76.86583165012789	33.24939844673261	56.29395630565992	-1711.4221455916263
-89.23569811832132	12.352414925685707	8.841075208893031	94.99417784222612	-262.4256986306551
-82.45109701345206	-51.242248452328745	-62.18985819220224	-64.3655743735348	8227.865541080148
-93.15853100210396	-33.79205066160462	-41.567196412428075	19.915680226896754	2320.1788075052336
39.803903724650525	-32.12960096889974	-49.0180809825427	-17.958025915264557	-398.6155750764849
-81.07717815819862	80.78631090848327	-18.04300997520083	16.574989866346684	-6848.988829768069
4.795094437316763	35.098728881077506	-63.42343815651476	94.52491390904831	-5826.793311945864
-14.24923042490667	-14.318505923054104	31.800771962022424	97.2023137600547	3295.1363043024426
55.26247523389651	-17.620796344308715	-16.68990342860417	-84.31595775950254	433.4563709174712
-98.74151973035252	-17.92239184198445	23.83354904640936	10.661497272236502	2023.7855258264249
25.19111468883517	22.425870324728365	-51.86374514717797	-77.63911394054608	4591.587890212372
16.33698851593259	-6.074922191269167	-63.46984528355284	96.61374761160951	-6231.305547247028
96.10423257360765	-84.56544998690079	26.2134695857398	-7.4584690742153725	-8322.610025466025
-27.47375812099024	-56.700245426339094	95.39030685562938	-21.858923352185485	-527.3605778546328
90.82549812448272	34.4482996405786	64.74724219735975	9.958408437419692	3773.563457394834
-11.634320900453844	-98.92125076372405	54.01223051188816	34.04384771639914	2989.6657256291983
39.866145888490365	30.397746738712442	10.849942687255393	-66.16888084503832	493.9124413183955
47.57943483501876	-19.156421175628196	77.38609662085759	-90.64888314616417	-7926.414922719864
38.18811062760773	-36.38394326900265	-31.677515726117363	61.381853453846475	-3333.85867870773
-97.9213595562941	49.945969008374306	46.984709251656426	-69.70513220024759	-8165.85255943345
-1.319541400833856	-23.839512521226496	8.103671250058426	90.72106284867405	766.630892528999
-36.527306563139476	-12.174574593674464	-40.580767444397935	-61.64438064059221	2946.280693488775
56.98076058195389	-73.01228047095802	-58.87515714049272	-43.92043814176774	-1574.4725757822607
30.389056143180994	-81.50008782088669	-43.977500529603944	6.336873963701308	-2755.3906225578153
0.4361555103694883	-3.824175110458313	-61.02618851723176	-93.72158071344099	5717.802917704358
-96.97902832280813	98.65229539184708	95.6180291436786	32.238745043691125	-6484.59848577269
42.43909096062404	77.2900812096508	-95.2099991487516	-30.193522565350932	6154.846044555265
98.7639741636188	-87.51300351303615	-42.91452362598351	-4.853336065451458	-8434.85341269653
35.30219928777311	55.59048158564272	57.888224514281404	-33.607951337504446	16.961626949139145
47.142621288599	37.455358694400985	-15.33039801168907	-65.79546593653342	2774.4144703303673
-53.42807228525117	58.70077498723555	-92.15445989874078	-72.97220875669237	3588.445236372863
12.150808347875468	-61.32785124665039	-78.25566722155435	-94.44970820681749	6646.041967720556
87.9106696344555	-54.31038215562536	1.2509849624308345	-26.309457235692093	-4807.374798775776
-49.54484364099356	62.68205118053908	-51.94957971822982	-1.204187717695305	-3043.015379000439
-21.263969335327772	-47.70616982128715	-52.627061084163195	-56.990489461804714	4013.664502308545
-64.64985850674441	22.028091476243205	-3.0875400304638987	-99.97490125177433	-1115.436487456217
-60.00198197508539	15.980982468265552	-65.48136627657333	-16.615135853320993	129.09117454131228
84.25961537707585	-95.61895695909162	79.53195063636579	59.24150552845248	-3345.2240428173563
47.82134903139769	-36.3154409443823	-2.996664303443282	28.429871792626813	-1821.8481585828504
-43.383787803347865	-42.63023011158404	71.23138746101736	67.75953179218487	6676.066320435098
-51.36225442684148	18.34800793165394	-83.45790873398924	-94.45847172571418	6940.911460825441
99.72065792972785	33.0315748430244	-42.809270208544014	38.5282986583851	1644.5620278591489
13.575871717731076	35.25576033776164	-24.06961245487163	-76.62871217809015	2323.0510846990555
-86.08916673104913	30.900136739626248	3.886656270499003	86.4414884858615	-2324.19867053506
-85.50656462568756	-23.49000958131566	-82.873634889064	-26.80358490582708	4229.860531526328
31.661506747526573	42.8802408236252	79.04996239487485	-55.01899547030285	-2991.596488758456
55.779477524138656	22.12980807986318	52.42518431278526	43.90985314516621	3536.371276686903
-72.3434769329186	-69.89544183599628	-18.75618104914669	-77.52353583137773	6510.5247578018825
50.418885788433755	54.845572142127054	-56.71283087111172	45.844187917174224	165.29896206504282
-71.3638841354153	32.44539668477057	-70.51772484276646	-76.22319446317087	3059.6567240510085
-91.02767038346387	80.2349600773862	5.9348915770379875	-63.350083819290525	-7679.577378018453
-44.96647763847514	49.1987555240575	-54.23519654485869	41.77991315346006	-4478.236541618369
-75.67486568525615	28.08973888668089	17.29189607230404	2.1919440209325245	-2087.7843491772196
96.07676620460208	88.4728647882919	39.33474915367404	58.690467173283736	10808.76154968915
-75.70812631615047	-21.26246112856505	96.5383354478555	24.530697291106065	3977.89377677224
91.89664185305352	59.12444330540811	13.639396380451373	-22.169639964650784	5130.957284108489
69.35731080769563	15.88141874648828	62.23882027309841	-91.34319838355198	-4583.600411296514
79.38078614081695	-5.684156527941582	99.77282199265701	94.43829914255167	8971.162795903641
64.48501717316256	11.006415490191728	-34.03220336948239	88.96490213029139	-2317.9227501441974
-43.66475134272745	88.64558595508873	-4.15963505919774	14.571885417104951	-3931.3011938189243
8.323670697868863	-42.41282691756814	-84.85841656486232	-96.26171913328984	7815.586656834941
-79.59130603274468	-1.1596954867513887	-86.33425188513584	33.214974275475356	-2775.288277066374
61.520243492319054	-78.11374565223825	-71.01322722831087	-37.28402537714115	-2157.917686529743
33.85082646001871	-29.021605725541136	-13.42665234978135	-40.446663843198195	-439.34204487528496
-53.51695587746412	-38.28686780405675	69.02035324460897	-48.78888246052531	-1318.4292868791572
-4.874641552838682	-95.0648049502013	99.55387103168624	-78.27625805681544	-7329.29765100844
-68.12974493272333	-59.33843419510989	-57.6090326361625	72.46557347982488	-131.95920117743844
85.30184238495283	-49.27360871729807	18.07678564192463	-75.03251789917826	-5559.476346778116
-1.9710973578151538	-31.895360730194028	-82.51977910766342	16.754197469106117	-1319.6838130149638
76.71376246226305	82.04967436026854	68.8654970030249	-42.331877392374075	3379.1334532827213
78.92718537818274	6.7344432168719095	34.49448835655525	68.60782796412613	2898.122571073989
-51.96048626794833	-64.13724549088474	-2.973759652531214	-65.87326468507204	3528.493720294124
84.93880870917701	24.699491120342245	6.561595018476723	45.942479767129754	2399.4012978612323
-61.00564118222165	-74.70925993854829	-92.84860019939929	71.39605582793544	-2071.337538581566
-95.2045637533016	-79.57112620548548	-19.666302411457764	-99.86056832599306	9539.422493431171
53.153874145716486	-21.77198290996006	-19.19093355431538	-54.81666027871519	-105.28235442040477
0.16992701053806059	-85.17482026645482	12.41333772191355	-37.14502877640125	-475.5672894726612
-84.02698782909503	-36.19734996345101	-27.079607619106	48.15752380672225	1737.4674362305973
-59.04046236302034	-56.429541219029744	-31.037722018871804	-63.547670128145015	5304.001124888959
-22.27776664732677	2.7024892331328516	-97.77409409627913	-61.31584886257222	5934.896151779719
-71.6412280121844	4.207127137547317	64.91567090055375	23.488744621917917	1223.3838612062993
91.05238775697364	88.58052611327969	67.00432407222416	-99.7767570955904	1379.9942440745408
-39.14477483295651	67.584093463947	49.93453782556955	36.2314466869729	-836.3635758699379
-25.57510858068457	-49.784617995181655	-3.5194348678114125	96.18860158327834	934.717492576464
-14.865808005442304	28.59706053275437	86.88035943975552	-99.1025461708674	-9035.183244119866
32.112567932533665	-96.05217606133247	-4.86775627710125	19.351272500419554	-3178.679307021037
7.827188026903713	-6.176243716295076	53.176888134655485	-87.5264392766077	-4702.726291104309
83.04230741053777	-17.55918596090929	74.00443539054848	-85.09692766548088	-7755.7054037988855
33.58013539014635	77.7153286841122	-62.91388374181335	34.69403108100718	426.9550211368669
-43.000428212214416	-87.02821908145721	94.14211244825896	97.13632503067242	12886.869520897264
63.648540143870065	79.83835181239482	-28.178543332281137	90.18421030108911	2540.334862494839
-59.8650652668895	-32.99393987665205	-80.38701439875639	-54.63422692998678	6367.066751013375
-40.84389463651521	43.673256268445726	-40.40294069125059	-55.97425055472933	477.73844793800504
-79.89592528097751	91.7511844878164	-48.67731609626853	-80.2982428378057	-3421.8428316889635
68.92399455169291	-34.325381550201044	-49.37553030549058	82.91707085007525	-6459.916755551238
-88.44407062527868	-24.817295160579334	11.06587262543033	-91.23719149882987	1185.3234660826192
92.56053417309838	-66.25069723548904	-69.28235832209613	71.75189664972083	-11103.340539433044
-75.67671389013566	-58.75745710465819	87.22771551091137	-32.915246640227224	1575.4495003159154
-74.73031530764914	95.40159907112863	65.41031140882495	83.25616192484148	-1683.5801012319334
92.92630481170474	-29.14443382277993	-59.047474271638144	76.65744280063552	-7234.712922480304
-68.21639624184482	-6.516301913977401	20.439258051362017	88.47444300242657	2252.870604872491
61.67320630995593	-0.5211831677782328	-38.71270021503497	-18.049818304012916	666.6141679074397
-41.52674916929131	-4.226143921629941	-99.20092058501935	-72.63368898164535	7380.826831052047
-27.520603481669028	21.340400912254154	19.23059245576451	-19.825312361471788	-968.5532139776888
48.597597471899434	25.13845010803952	19.473386460570595	-24.346119313882213	747.5668892035413
-61.6386312916003	-28.622631593870437	-91.2554922059925	44.346166290849965	-2282.5713969104168
5.003324522260442	29.05482342225494	35.284576504399666	21.80096887906953	914.6086648020803
25.752728270485576	21.368920834160548	78.70910949564956	65.66741298057985	5718.931610260153
-35.85175297468848	23.604206320460477	91.19078092155809	87.71281323178576	7152.3477612685865
79.45945618132885	-32.99821596840604	-0.4922420998696424	38.497767715233465	-2640.970517824026
34.969684269679675	4.895386816793959	44.11981311280181	48.56601132111217	2313.913474482923
-77.43687318845534	49.879139207860305	26.9350685879604	-19.441827242776725	-4386.151527847857
76.36383822291509	61.95903966771107	-77.17073825189252	49.417383693075806	917.8540995605722
45.09807816526438	-63.038398150200024	-81.7752957344566	91.13761397565963	-10295.71594258309
-13.127091441184007	-1.241388383262887	4.94615918719434	71.53669289614584	370.12768961088733
-43.62775980193663	-59.60996332345467	-49.05582961307155	-64.50974250401116	5765.228098337823
-89.41803963543853	93.68674327426461	-34.67155652930647	-86.02158637811633	-5394.7826285638685
86.48245511049794	-85.4242816386912	-57.45283100375511	15.612432182734779	-8284.680029916894
-53.05358908369302	38.68072584878311	-54.02755734164349	1.4834073623365214	-2132.2962109699747
58.63899143118584	15.973191721183653	-30.458406500876904	20.282747022333496	318.8716987064927
-82.48465491387728	-72.98777649947905	40.084199675112956	-71.45262304742388	3156.250347947215
44.71073450446147	-93.36296306248322	57.786522218240066	-7.215064717991822	-4591.260151668805
4.75394125475448	56.2486611394649	34.89447169709331	-36.242843828714875	-997.2720574876569
26.050707165624033	-42.201953985002085	20.8115318186383	-33.18070725135264	-1789.9320898068777
-74.55043190858201	51.60574491083733	-20.510038520006262	0.35023187727904315	-3854.4138413609585
-29.08765729718074	-8.810771491503317	-76.38900902291377	-84.43402557944285	6706.1162434976095
82.48873497562508	23.26285045851273	93.20593279502211	65.67599579565945	8040.315556626244
-72.23833329820238	50.247445133748954	54.132592801884726	11.008633812291052	-3033.865797489083
27.384238901684355	56.72955667524664	-55.99013651540341	-72.17423498005746	5594.541002209818
19.75132550154268	-4.877219729931696	-39.45336117500078	-51.2860809736976	1927.0767214772
53.06062748521879	80.40388871416192	94.0363637710658	-6.152962640947706	3687.678554251197
57.535314565774485	-1.0471545515587053	-37.196465061383876	5.164258896946805	-252.34054215113528
-34.284445496987644	-57.851189412798256	26.04697331602057	71.05716410399702	3834.2200076878953
-94.59234584336885	-56.25908681229266	-66.5452871551301	94.86070854524365	-990.8540933018439
-37.92129071397046	97.5066641930076	93.1125377890717	-90.9633662344592	-12167.408435339785
27.814402556006627	98.09316609773336	0.49937803681228843	-31.524887798457854	2712.6599732560558
8.03214546819045	-80.73169212555406	-50.95301525735656	25.863376534331948	-1966.265714206189
36.77750400936333	35.90987181145374	73.19883866099269	8.755430447423038	1961.562795249925
85.48883510578176	-70.68926199700101	24.871211327048997	90.53876867275136	-3791.333813660222
-68.60290082489662	9.878148737003812	31.84218386357614	80.91132561909077	1898.7236488705166
56.760492613967074	59.6889821650322	-71.88902546967697	1.8019508668454307	3258.435539551765
63.92078956549847	-4.529296120165284	3.0829845412826558	-74.45146116328367	-519.0488880192233
9.018370223628565	-34.6106352538464	12.12999287552546	75.21431710561018	600.2176082344067
48.3345380906766	-87.09694157984704	13.054374607375394	-0.39538562055439286	-4214.951952377638
-43.34227175944776	48.77987452558821	-58.00495654658408	86.26545853960067	-7118.054752140495
-36.44650130384226	85.1144081255122	-89.29011723002316	39.1076364336115	-6594.047828468538
54.159974159075375	50.90244737311011	-90.90027342445863	-71.74498169630492	9278.513687388235
96.16081824017462	-86.05062912378953	38.4370807434519	62.223563290470196	-5883.00678028431
52.75401360492279	1.3703683804334048	53.030750007505105	-58.28183264103568	-3018.4368645808745
-32.62081049797767	92.60635986380942	-96.59279705735338	-33.71168449267668	235.4113826377934
71.94848174409498	43.43971396230489	14.446716412677944	-48.849871642051745	2419.7012245771616
67.60903415847915	76.04504970887365	-56.138484175433526	-88.77905426237265	10125.253896168644
42.55890586697774	-59.082538623902536	28.646435522007152	-39.608155133940315	-3649.120661866822
-88.98120885562557	-1.1396764773201653	88.24392313199135	15.189921080581655	1441.828018872132
53.281975834862436	-63.996000690345035	-97.97253159528199	23.039120076311875	-5667.0342819147645
56.593445539449476	-76.97827116330134	78.96349189872424	59.531891379788505	344.38042588239296
75.70126749696203	-4.069176359785672	54.791925047278056	-86.76417276993573	-5062.017859303851
-17.536835575622533	-39.56849094405817	98.27076871991372	-68.86896305229946	-6073.899820431347
-21.47028913558222	26.46580118092446	-28.628548068501544	-70.91955405619163	1462.0954587350943
-3.146344184476419	52.977457483063176	37.261290928746945	12.646592473278972	304.5430461439666
89.59217829541109	21.890839262532154	-35.013154137950295	-73.77303626926246	4544.27466436525
4.006167883983153	13.051182889499955	-53.20871381896115	-30.474308482122296	1673.7839885958908
96.10416920871285	-72.59693184050404	-18.786895020377315	-22.739795069522245	-6549.657678877185
-53.439667205962714	-27.711085733661506	68.35831517248195	47.39650448004477	4720.816390843625
36.22448424076589	-68.33330433237197	94.84092452542777	58.03303494437381	3028.567981233401
27.97697719986148	5.009205340792747	78.97722913490645	63.47762054834891	5153.4290065943815
16.033168769513267	7.497870434892533	-33.372948299251036	75.08380124661133	-2385.553195019824
20.284522565954717	92.79748156345107	27.93284122104116	49.58666652531602	3267.449091569959
54.34415199879314	96.60357996215006	50.67104223637563	19.934412307621713	6259.937081087476
30.58412106219285	-83.12766064804593	-6.937590149763452	-42.0270969229533	-2250.8196632408867
-53.766056843801465	67.64286007591645	84.09003422478332	80.65796230719417	3145.6409509942087
66.85506910302465	-67.29494238806765	-20.261922940460764	55.72871111020038	-5628.178873724405
83.20193699879559	17.52169028066581	40.79427425491781	-99.68877636983274	-2608.892712523761
46.55715528245355	-31.36037321079779	-85.40103041932971	-53.14237311543521	3078.3636576958434
66.06849981152948	89.95542822184683	74.22802294042506	35.143551265117566	8551.856522036293
-14.805110313922796	29.88043793563537	-45.015777588014274	-41.171350806371706	1410.9771910323354
-64.10614517436957	-18.044367408410494	-33.20891996844388	78.07263298984037	-1435.9529840220744
-86.04900851848932	41.532161989672545	-23.93341076535542	82.32900613098658	-5544.215282476977
-5.646676953564906	-41.882895354137496	-53.69794927371731	13.832964356337556	-506.30263836697475
-20.364439127717418	85.68455399592045	46.540066130627196	-88.64946745860878	-5870.6699620040745
-77.24016942465082	26.72751822040405	93.52416843783658	39.79738093708832	1657.5789225005442
-26.190011724845547	9.02410919990298	53.40855568921313	-62.505766647738994	-3574.6842446544742
96.10946666436794	73.22633429130764	49.85555106656918	-30.24007931035166	5530.108116209955
-28.608572683077682	-96.83023526835368	-30.508658060096394	17.291769677918367	2242.6261352366537
-6.642669486750961	70.78287018830204	-11.195408682344564	39.24823018814797	-909.5871889995381
47.814588819501665	54.10900405457363	-10.984562356526368	23.74904418208442	2326.326923576181
35.27998819341187	6.73916476982393	62.974864415403175	-79.03746806110226	-4739.616181371828
-71.03147439504431	-89.5883456199488	28.30389987152938	-39.36228322751057	5249.486154811534
-65.01659600457339	28.611290128612865	29.43288481667281	61.655397409403236	-45.51248118450849
-0.6356548290748378	34.465639105857946	43.18085232921882	8.226732252121494	333.3290605960908
67.72489623927763	77.8907184834614	1.5621920741697863	65.43953953701242	5377.369957297249
-50.64591599705051	-64.23836199224225	-22.39660179567771	-24.6935385457312	3806.462034982183
-25.6454945427256	6.9130816447814	25.88047014106813	-6.713107467012037	-351.0277749484444
-8.010809723160463	78.69438063686698	-1.9233358724614789	86.36733822454408	-796.5191093801836
-81.82823422063741	2.5801544884359373	-62.306358639620264	68.61873873348358	-4486.5132307319955
75.97268904009101	-76.39961515956388	94.77035910468783	36.61400102137597	-2334.362180244962
-96.0392026728377	-13.501630248144352	39.87882743413755	-12.081197401083116	814.9018174597068
-76.78432112828781	2.575263945474788	-57.840802828494354	67.28093135038117	-4089.322978134299
-81.42719074000686	17.501417299068194	7.376960647091835	10.72325546041742	-1345.9862110914696
-60.81173063125442	33.898883095791916	68.5431336897509	73.03608894861605	2944.672661459847
-53.5234305379946	87.58558567994731	-74.56978389422686	89.09129306146073	-11331.399481720595
-71.07229196847118	-42.676852234277774	25.540147001387297	1.7653021858756972	3078.227779619027
-50.47389985858788	-89.7959055395288	39.33506577493847	65.27960308227853	7100.1270249166955
-71.85345219459889	7.020656762100714	49.9931172116039	29.575277772543473	974.1019032182185
27.488035966363483	51.60060592206983	-98.42366431643201	-30.19911373193453	4390.706744077681
78.35723943938848	-1.0565015033711944	-78.17523770995047	-29.091788208148017	2191.4729173117744
38.17270854617706	-58.672289555788915	-50.931494666407026	-23.012151740264628	-1067.6369253282019
-51.07418347202683	-51.050990611242874	56.42477202081787	-44.169393741346184	115.13968875413957
-11.384203227955808	-98.48093484183555	78.5150473730838	-32.9746724226416	-1467.8809910570956
-85.3332461187813	-72.78653919797227	-16.173606153719632	-41.30205832520972	6879.11488820479
20.436685906774628	54.86247666789802	50.98978343652095	11.312528288596056	1698.0305712846134
21.777207889699525	-72.87351866240239	-80.82172711623865	14.492270851528332	-2758.2721256218774
17.43139888423211	83.64766893506669	-27.245617625484414	5.966565862902456	1295.5331109054296
70.85140792415868	90.42025684321092	-20.54274074720999	62.74035726893021	5117.543608442573
-36.713532812197826	-48.071388251234914	45.544529345607145	57.72666324481898	4394.004198067254
45.63720537699757	-17.102675373607454	26.39940996956132	71.40213786083137	1104.4560015697816
37.9190178243347	79.84344454154348	-71.2629962041737	-47.33455270737386	6400.78704663891
-31.029400953971802	-63.30994781192405	-8.378151872831523	10.508522214648934	1876.4277599578684
60.18100762572837	30.709137210392555	-18.280401566191685	91.66407631014744	172.45069649463994
87.58833436415844	-96.79299636642847	-80.4476360399305	-24.23900556375567	-6527.966632288642
-36.81145772991823	15.100506747001788	-4.2284734463966345	85.77394645713167	-918.5645208042293
-52.76582922942057	-91.65490543260299	-33.41606035897567	85.16108146393199	1990.4992496610248
-4.2398424290227155	-39.18984919278643	68.0937541692681	65.88929372750593	4652.808154862065
-99.02469857664573	66.9728090611257	-0.8912799517207759	39.12265491564193	-6666.831468093622
10.342905809344629	15.971452820534608	-32.82404230401774	80.15367722514924	-2465.7764598997005
81.38639664336688	-48.01008023090985	55.6258863485524	43.10807039963021	-1509.4428077974703
-99.79708075289662	-37.16605599098417	-70.46024316332829	20.781634518089902	2244.784869522893
-36.11652382936468	-59.09416150252278	98.04447301295667	31.974708128613912	5269.219100295242
-16.93400475790368	9.62890945220201	39.469538073746804	-63.20934286931199	-2657.899563473838
75.99803119122751	-21.692661441299535	-63.0634416937778	23.56973203877817	-3134.987983002074
-77.12860090336093	72.34355260584366	73.46340944115991	13.554334060483228	-4584.009404079874
66.54538033135799	-73.6564445787228	64.88507446584077	-55.78283553144174	-8520.969555720047
-78.81343276272187	52.41945111293461	20.93455408342018	16.221526970006323	-3791.766452078801
-82.57286555642264	22.360243410041164	-18.278590629319893	-80.91796936916656	-367.2829362513726
35.381767329036904	-80.36935605996439	91.46728468115478	-27.17465640807562	-5329.201890288202
-96.99004279339216	-52.200474308909904	91.18828753762762	-73.67361813718824	-1655.244837574759
-59.39543793697033	92.80668370349156	-68.67266349738317	-97.3922540406264	1175.891866936824
-33.868144871845686	-33.91021845900228	99.90513463306488	80.56764722318434	9197.597834306931
64.47577593164618	-91.92851882912898	54.02537549381603	-96.04331657504899	-11115.938823393502
46.75038016913862	0.6238471806915555	-1.3477732534145588	-53.08692730667693	100.7142335946777
61.16715670684215	7.646906016875349	25.333965793070504	-25.095369799479656	-168.02574140776363
62.4664022981577	-66.86266988719407	-23.97335381553293	-58.72927486326604	-2768.7327502756184
-12.438785489518807	75.3934192828041	79.30348507815464	51.195468497911065	3122.1765023130747
6.766600143527086	12.454072151606567	1.6040274427304269	-60.90093810438266	-13.415049598899245
80.64423995684669	73.87878802722358	91.22885804021502	65.74592221684131	11955.824114031664
-94.55486935167616	92.09721275992894	-34.69533565809695	-79.26792406054622	-5958.0126879674135
42.395747664387926	-46.76066329742466	-64.51538936800384	-82.97658651045938	3370.8135053731203
36.165901767867695	92.68403568241825	38.20711588810241	54.52485424430634	5435.239154833987
36.653531633454605	-52.57918740443783	40.85437955651901	-68.03066056748301	-4706.563337094562
-78.83805942364172	-35.84065003879533	20.782767908116597	-75.29283532962356	1260.8137757408856
75.86150065501229	-5.367319456129778	-64.71518149338738	84.0530000085896	-5846.678059056416
-77.95022471599927	-76.42396019493376	-8.365676247751438	-75.49038351205677	6588.79297916213
47.218147033461776	-46.41615225264335	-19.888721924471042	86.54335243683542	-3912.921372820575
4.482915047457595	-90.56415426467991	74.07002381094264	-46.33321016222216	-3837.893389866609
-88.7677578864536	57.51899229192426	-8.445870002151196	0.06814838635116871	-5106.407554054302
30.978576357968223	87.72919060706212	-68.03974772831589	64.58566666885292	-1676.6670369702306
-36.53671403426016	-10.81372118014086	-4.609438158907707	-98.70561351581625	850.0752598432287
12.68760265733033	95.05056119804763	12.17059209021852	49.303457560787336	1806.0160234468312
96.89136182549504	-34.99503371345605	62.576581565878115	-7.8261310349306825	-3880.4490006784577
45.63031264061166	-70.17528543399251	66.01185586886965	-60.95420175074908	-7225.82019456969
-20.344486263864653	90.2792931184533	-82.50473415683139	-95.09101467501513	6008.773047705692
68.50912259987024	74.82603223066931	-82.09659807110953	4.907481794123967	4723.378255359283
-11.292355698949663	-10.671858563024799	78.38765340769586	-89.02451345978461	-6857.912283011794
-10.795468701384266	44.846301708136934	-76.45201741625883	49.24609152940283	-4249.09989375161
80.54492151357263	45.32491397872397	91.49458126040943	-14.588369865961724	2315.93484686761
56.893306736417	89.36770715703665	68.54116950532477	48.021176208827114	8375.851953989863
97.60849194939203	25.330496056026504	94.07380904324839	-91.07605674857582	-6095.400050618806
52.747420208379936	-39.805471258471584	-65.29442778288791	91.06085033012187	-8045.402034791698
-46.75865160394723	40.03611659158602	47.20729689159515	66.3060209664691	1258.0931901834579
-57.5210579714442	-51.25539027813102	68.15146234533947	14.442824782565552	3932.5639048667235
-65.0265471768634	22.306561731184416	87.97120539567979	3.9488234915135934	-1103.1359263232516
70.29454124860703	72.6293626213274	-48.89782532495801	79.30188322447881	1227.7580927941535
65.49974396864022	81.72105072415832	-94.94862183594483	-88.91464972328163	13795.031351531994
65.61541733593711	72.72262086424288	-92.03310562321553	-91.43709294691682	13186.964750833795
0.91777523191341	-92.82099679922813	71.862145525117	11.094796878408332	712.1070959839479
30.4381029749008	11.894098434326693	-45.45441533341166	14.397678205456472	-292.4042520499853
-82.33039499560806	67.04103024382994	-60.116918901689154	26.21350452781728	-7095.3896267148775
-7.243092081150394	24.414527275281188	-55.581807315431945	-88.85886071475448	4762.09940534367
81.59914536270321	84.63674256171888	25.812426156328286	-9.426906848591017	6662.954522407547
-30.146537890421186	-23.49955565057968	0.8516675720122038	82.49911776700901	778.6920681500391
-79.69827176838308	-43.11113949909129	-0.5437001944515742	45.70504125706941	3411.033472224366
99.55490025962948	38.15298925647332	-58.43631761517176	-91.45511453419502	9142.617160487047
-5.438510821387894	-73.91255921039263	-87.05409837878481	-91.42062093431535	8360.513981767677
-65.43617060641287	-43.38682850094327	-36.645292516651715	74.08440476740893	124.22322823517288
55.63405918904499	-79.61087891190232	-88.42302724458166	91.12009061227181	-12486.190604214327
-64.02878209217585	22.000950594933883	-62.179490561924425	-66.29013508186372	2713.1927572076925
-38.34106388991356	56.78813063284386	-99.73123816428907	-87.09586271051593	6508.860882324064
-22.216068486241	-31.94681848126659	-63.55292912912205	51.92352804388335	-2590.1595906095718
4.738206766852699	12.793328185513133	6.554551396336066	-20.989749228177885	-76.96095593313154
-90.35917043315153	58.04964780882142	67.23672051808092	-98.02841322292421	-11836.42704264242
46.70613449844453	-80.98132183265926	41.65295263483907	27.021240980040062	-2656.8100387018244
-64.379301591141	-81.17179061357143	69.95570032558481	-8.36812681866681	4640.385016590918
45.243276143391654	-4.827590481668835	-93.63825538128381	-0.9894265666650739	-125.76783173894121
-80.43501298550122	22.598964573750166	-81.92537014825623	-50.72680307082968	2338.0641090669465
72.39497698854515	59.06510473030613	2.1410064604809236	-21.720147673814097	4229.513921284286
51.00698595961555	21.307713456987074	-35.98547288369949	85.14337238468869	-1977.0822770438915
85.84890112552995	18.801722082654493	-63.95237210627111	-45.38086834046593	4516.321358678673
-69.37074449823415	-65.82385876907728	-60.89051403846737	25.965043164946167	2985.225263212943
97.73786814975583	71.92799538823445	-93.77340933015867	48.083589821069296	2521.1267791769214
-49.95130182997145	-93.95125815251666	1.5679541842689844	67.95188247507008	4799.533091737666
-66.08639320960022	-69.26952065786993	36.52183641030348	87.19967738400362	7762.465132086338
26.808157201985267	-64.07003611009085	-79.36700341023825	-10.58149377396343	-877.7781475326178
-1.3447231792489163	-84.01261811397768	-90.59208228903569	-11.924344081340394	1193.2248751868178
64.51706611307989	6.127157162691361	54.609764818848504	-58.77314780808829	-2814.281575712533
-66.26022485273835	5.798034279869228	-65.17000297169966	-96.88564076581207	5929.858441534979
74.02541860271285	-24.35641565388819	-79.7562361640022	-21.150687506855675	-116.09463661294922
-57.148999896622165	92.92212553855947	-92.53122048911955	32.117529224560116	-8282.280721040559
82.80939455843838	-41.182941686722366	27.418637114641925	-97.20631417998993	-6075.599120965968
60.05134653478484	4.942157632382731	94.52325326196254	57.149898703820526	5698.777569688479
31.485678762185074	46.2113777708297	-57.25713529590617	66.4664831031144	-2350.683820027758
60.727842574274064	96.723150520058	-49.771310696733416	79.06309906895885	1938.7141896621315
0.23273227417463715	-13.284180103803038	-81.59177374635662	-68.35338311994776	5573.982112874706
55.68563658891222	43.75789195876638	-96.26217266061674	17.135509534313172	787.18469209305
-97.25949190430612	-47.93256339121405	39.3626808594517	-51.022366507310245	2653.5196315791923
-53.53575258340981	34.44554295435756	-49.55914882687633	-1.1993497114704184	-1784.6293143594678
-58.52328037984611	-88.95807922800236	-77.94043054552904	3.75418088714558	4913.516138023024
-11.06232845663672	-77.06567908264385	-2.6673208612361066	76.25538220400077	649.1282830117005
-81.83159306572605	30.459657651149286	-12.051703254052299	24.042581152943754	-2782.316363346926
93.20390188462099	83.00817391057828	-80.96610545673511	41.59713885679781	4368.727365405148
-2.3360148077443625	-82.78178248966253	-98.23470198611967	36.84079122563807	-3425.664677276084
84.87458160284245	15.78392358992626	48.06418202444257	42.64937604080657	3389.5612840004533
-5.053940511486957	-26.33453446323462	37.61131398647629	-97.00803879080372	-3515.5066355983
20.197788928987208	75.8961947765579	-63.67872279931879	30.773462625647255	-426.67947350357053
66.98945351709952	-10.466256006252067	43.68040821702817	-43.88825804092582	-2618.1857973907954
75.09686740798227	-7.070874253611208	2.122243474013004	-18.193906944909457	-569.6124065625905
-78.28200501380365	-39.04876741483454	-1.2499468941340268	-20.724868976328636	3082.720792159227
-26.727652077748047	49.24786417010324	17.20007226877607	60.83066973273429	-269.98786354963454
-58.431573786742575	-33.432055205146156	-11.465664991223505	4.060173745946159	1906.935008584769
-80.98013218155774	53.00011593130475	7.449661691646114	7.07362438156396	-4239.260285178512
23.141528382853267	-98.74810082041235	27.62340469567883	65.87727668048626	-465.42730389415055
-93.7998005967708	-40.79223131089687	97.09560274914793	-53.593662432990016	-1377.4057946060548
7.683853743158721	22.864274979204595	-34.89128257024716	8.845101723461951	-132.93119871231957
-13.274679654703661	66.21402433625823	18.85166288999625	-70.57606583529672	-2209.4461629417756
-52.46220097053105	88.6278558514241	6.234332299763196	-34.68448224916662	-4865.84697325121
-59.79933103553581	-35.04574954998563	31.160320808417936	-78.03251361795252	-335.8057790945709
-86.38139630365345	-94.99074121858541	46.871256456677315	33.478995402138366	9774.635441785964
12.167585626735189	74.47397881701568	-4.656869185017328	-23.477391047657846	1015.4996531341404
-61.10993328749687	1.4746899891210603	-19.525207707703075	13.890908445054919	-361.34107949331155
96.6551542760377	-66.85908366216051	-28.71746626086731	32.57479174132456	-7397.740528906904
-49.063760778799725	-61.09209606774142	-30.243694466023058	44.306123960122335	1657.427110919433
42.99761124362732	-49.416770113527456	94.42774933390089	95.0663144708274	6852.09504269193
61.99890648887714	-66.87572447545378	3.8115244719013646	-62.05150469045695	-4382.73261677555
-7.801513166442902	19.814300666700845	-91.2093445650447	92.15225416956875	-8559.728230532899
33.28432594416071	76.1228361649795	-88.5656896764962	-39.614469374297975	6042.1800920122605
-56.98230218014402	5.755234148412697	-9.774053875212758	85.28354453738575	-1161.512450339851
-28.403470747869235	-74.54620284729793	93.3814906855549	47.73684551890241	6575.108687119112
47.5989286473779	22.661328016659937	-96.32485721745255	67.17589725579938	-5392.053776299315
-72.90083015833622	-87.1566204701838	-61.521148096998715	-72.22987165804983	10797.454617373533
-67.07262636206532	-0.4426006479501581	39.890117541561864	50.208685025106945	2032.516735146342
-52.088212959353264	-62.69240402416929	-50.24847169161719	-28.951255647707413	4720.291641595344
-45.64294167210399	45.78514684305304	-43.57708132222573	-56.2240524398024	360.3113186281671
20.480780549891236	14.430953581300997	18.6139542701645	48.31166309489356	1194.8282809882353
85.31911826082936	-85.92869995233963	27.436207268521272	72.77171452407447	-5334.781070264819
-3.0417967415807823	32.456662221119416	44.12853324713839	58.59643973332379	2487.048369549131
13.250128369067198	76.35255857960382	76.83699975500653	83.1984583512889	7404.40112644138
-95.93111379527264	0.1463528714084532	-64.26749635017516	52.212433817242186	-3369.6021937447235
